 n              xn1                  |f(xn1)|
 0  3.000000000000000000e+000  9.8612288668e-002
 1  3.059167373200865700e+000  3.6927457761e-003
 2  3.057106054691599800e+000  4.4761505977e-006
 3  3.057103549998436300e+000  6.6098237994e-012
 n              xn1                  |f(xn1)|
 0  4.000000000000000000e+000  2.6137056389e+000
 1  2.419218645889002600e+000  7.0770034137e-001
 2  2.756039712206012700e+000  4.4219871598e-001
 3  3.317022504001124500e+000  5.3548073166e-001
 4  3.009768959371031700e+000  8.2229966821e-002
 5  3.050670709725762400e+000  1.1452530996e-002
 6  3.057289041659919900e+000  3.3152841948e-004
 7  3.057102843928874800e+000  1.2618098428e-006
 8  3.057103549917539600e+000  1.3796119802e-010
 n              xn1                  |f(xn1)|
 0  7.500000000000000000e-001  3.3578574439e-001
 1  6.883073383007674000e-001  2.8191174476e-002
 2  6.820481783243208500e-001  3.2235505865e-004
 3  6.819749284921868800e-001  4.4530694909e-008
 n              xn1                  |f(xn1)|
 0  1.000000000000000000e+000  1.9999986928e+000
 1  6.000000522871937700e-001  3.0211312115e-001
 2  6.524932595800156900e-001  1.2235355017e-001
 3  6.882228189972141600e-001  2.7810559166e-002
 4  6.816056650677272400e-001  1.6234147759e-003
 5  6.819706305828964200e-001  1.8864164971e-005
 6  6.819749213604138200e-001  1.3154133116e-008
 n              xn1                  |f(xn1)|
 0  1.250000000000000000e+000  9.2019375000e-001
 1  1.042046610169490700e+000  5.0881459315e-001
 2  1.095070234545689700e+000  3.9693365667e-002
 3  1.099959957849026400e+000  3.1979795900e-004
 4  1.099999997327960400e+000  2.1338898648e-008
 n              xn1                  |f(xn1)|
 0  2.160000000000000100e+000  1.0827264000e-001
 1  2.199400753425041700e+000  1.5956284157e-003
 2  2.199999837218695700e+000  4.3332385502e-007
 n              xn1                  |f(xn1)|
 0  3.419999999999999900e+000  3.3285504000e-001
 1  3.303227113772987600e+000  8.6031040762e-003
 2  3.300004664519568200e+000  1.2416977363e-005
 3  3.300000000009910100e+000  2.6311397505e-011
 n              xn1                  |f(xn1)|
 0  4.219999999999999800e+000  1.0436774400e+000
 1  4.493744853894647800e+000  8.7113055027e-001
 2  4.412015995526431300e+000  9.7892964605e-002
 3  4.400234056965278900e+000  1.8699081665e-003
 4  4.400000091254436400e+000  7.2875798907e-007
 n              xn1                  |f(xn1)|
 0  1.000000000000000100e-001  6.8062500000e-003
 1  2.153601694915253900e-001  6.9493128510e-003
 2  1.677314240224797600e-001  9.5102903844e-005
 3  1.670267493200335900e-001  1.6221694130e-007
 n              xn1                  |f(xn1)|
 0  1.000000000000000000e+000  3.1289062500e+000
 1  7.784845132743363200e-001  9.6430757272e-001
 2  6.208326979997973400e-001  2.9031222496e-001
 3  5.137841355806773700e-001  8.2884511050e-002
 4  4.483890919503914500e-001  2.0590986526e-002
 5  4.176846789906948900e-001  3.4021955788e-003
 6  4.102162263207925200e-001  1.7499519126e-004
 7  4.097884166326369900e-001  5.5562456292e-007
 n              xn1                  |f(xn1)|
 0  -1.400000000000000100e-001  3.1657110000e-002
 1  -5.233048829120234800e-002  5.3435439502e-003
 2  -2.882875517636722000e-002  5.2567863234e-004
 3  -2.594475539886115900e-002  8.1623397851e-006
 4  -2.589853867317810600e-002  2.1015195703e-009
 n              xn1                  |f(xn1)|
 0  -1.000000000000000000e+000  2.8789062500e+000
 1  -7.925112612612612600e-001  8.5467653959e-001
 2  -6.558520122875359800e-001  2.3187097230e-001
 3  -5.804969681829079700e-001  4.8580665341e-002
 4  -5.541492700509798000e-001  4.7521558094e-003
 5  -5.509586285887582100e-001  6.4559782289e-005
 6  -5.509140746824040500e-001  1.2475918076e-008
 n              xn1                  |f(xn1)|
 0  1.000000000000000100e-001  3.1280625000e-001
 1  7.687456104683400300e-002  9.8753920498e-002
 2  5.961097352531256900e-002  3.1087646085e-002
 3  4.679919721876132900e-002  9.7275979417e-003
 4  3.740671595294681900e-002  3.0080999964e-003
 5  3.068083162571096400e-002  9.1066288022e-004
 6  2.605822451350366500e-002  2.6631388681e-004
 7  2.308062302302482700e-002  7.3817136369e-005
 8  2.134236147451966000e-002  1.8601068750e-005
 9  2.049038149852666300e-002  3.6898982403e-006
10  2.021376855730786700e-002  3.5413615276e-007
 n              xn1                  |f(xn1)|
 0  1.000000000000000000e+000  4.1054450062e+003
 1  7.517858219256617900e-001  1.2989912738e+003
 2  5.656244323181165400e-001  4.1100988036e+002
 3  4.260028522558363400e-001  1.3004612586e+002
 4  3.212867727999727500e-001  4.1147065757e+001
 5  2.427512852677305200e-001  1.3018735294e+001
 6  1.838542355726001900e-001  4.1187654481e+000
 7  1.396917493859592700e-001  1.3028194717e+000
 8  1.065906854245844300e-001  4.1191135188e-001
 9  8.180417023853170400e-002  1.3009520562e-001
10  6.328477732708119600e-002  4.0990604994e-002
11  4.951574023961301300e-002  1.2850038794e-002
12  3.938378077522718800e-002  3.9877201510e-003
13  3.207766032233146100e-002  1.2146662452e-003
14  2.699692930012551400e-002  3.5867958895e-004
15  2.366481637702746300e-002  1.0093590451e-004
16  2.166486566731040000e-002  2.6199950023e-005
17  2.062997729803766500e-002  5.6440613964e-006
18  2.024504007257369900e-002  6.9615951505e-007
 n              xn1                  |f(xn1)|
 0  -1.400000000000000100e-001  1.9903822500e+000
 1  -1.031032844746564700e-001  6.3052373743e-001
 2  -7.536138084594976000e-002  2.0005738835e-001
 3  -5.443305678363046700e-002  6.3717779183e-002
 4  -3.851713996912490400e-002  2.0482724894e-002
 5  -2.617180124156621300e-002  6.7347739271e-003
 6  -1.611740059901918200e-002  2.3364763532e-003
 7  -6.897722980896983700e-003  9.0553644835e-004
 8  3.907740867301850000e-003  3.6442788544e-004
 9  1.480938567764730800e-002  4.2377342376e-005
10  1.680474581062634000e-002  7.7386919466e-006
11  1.740467202004171100e-002  9.5125060644e-007
 n              xn1                  |f(xn1)|
 0  -1.000000000000000000e+000  4.3475260063e+003
 1  -7.482032107967268000e-001  1.3755948177e+003
 2  -5.593527053920087600e-001  4.3525338718e+002
 3  -4.177104419431596500e-001  1.3772115313e+002
 4  -3.114719975185870600e-001  4.3578653708e+001
 5  -2.317825368288139200e-001  1.3790469424e+001
 6  -1.719982999119405200e-001  4.3647164687e+000
 7  -1.271318148708887600e-001  1.3819646375e+000
 8  -9.343410800868687200e-002  4.3794529588e-001
 9  -6.807808707711486600e-002  1.3907530059e-001
10  -4.891455480219361600e-002  4.4388378502e-002
11  -3.427549198785183300e-002  1.4342574572e-002
12  -2.279471978173937300e-002  4.7748592554e-003
13  -1.318697938994138400e-002  1.7037961146e-003
14  -3.801962616821821800e-003  6.8922763797e-004
15  8.087885894829151300e-003  2.2989266502e-004
16  1.543666558285735100e-002  2.9744450865e-005
17  1.700319957964429100e-002  5.2802176704e-006
18  1.744802179312618400e-002  5.3752109563e-007
 n              xn1                  |f(xn1)|
 0  1.000000000000000100e-001  7.5900000000e-002
 1  -1.255000000000011100e+001  1.0302088528e+005
 2  -9.384623097859808600e+000  3.2588784638e+004
 3  -7.011706423085126300e+000  1.0306999183e+004
 4  -5.233500260025728300e+000  3.2587950848e+003
 5  -3.901808707288346100e+000  1.0297603217e+003
 6  -2.905635523256954800e+000  3.2507422979e+002
 7  -2.161926042210496700e+000  1.0243972138e+002
 8  -1.608630133320992700e+000  3.2182503591e+001
 9  -1.199501488775103000e+000  1.0056141206e+001
10  -9.001882073904112800e-001  3.1126249583e+000
11  -6.852720829711525000e-001  9.4727719377e-001
12  -5.359977037649265000e-001  2.7933469836e-001
13  -4.385185739825039300e-001  7.7139693143e-002
14  -3.824568457131663500e-001  1.8082394406e-002
15  -3.585956823799677000e-001  2.6269134384e-003
16  -3.537503005539322500e-001  9.8614836943e-005
17  -3.535537093880318200e-001  1.5939779796e-007
 n              xn1                  |f(xn1)|
 0  1.000000000000000000e+000  1.3125000000e+000
 1  8.409090909090909400e-001  3.7645887405e-001
 2  7.428601685964160200e-001  9.4607046516e-002
 3  6.958454611483038100e-001  1.6204523029e-002
 4  6.837882344617221000e-001  9.2113673902e-004
 5  6.830157845463298300e-001  3.6468769170e-006
 6  6.830127019412021200e-001  5.7947285859e-011
 n              xn1                  |f(xn1)|
 0  -1.400000000000000100e-001  1.4924640000e-002
 1  -1.805014979809822500e-001  8.0162952105e-004
 2  -1.829954908229202100e-001  5.4559574982e-006
 3  -1.830127010496231900e-001  2.6709223722e-010
 n              xn1                  |f(xn1)|
 0  -1.000000000000000000e+000  4.8125000000e+000
 1  -7.563291139240506700e-001  1.4755658656e+000
 2  -5.845894606740087400e-001  4.4132679374e-001
 3  -4.692936126868238500e-001  1.2566771736e-001
 4  -3.989514698948407600e-001  3.1926424140e-002
 5  -3.643630928259488600e-001  5.8961520719e-003
 6  -3.544000914527619100e-001  4.2630966375e-004
 7  -3.535592365735078000e-001  2.9231309668e-006
 8  -3.535533908749486400e-001  1.4083745281e-010
 n              xn1                  |f(xn1)|
 0  3.000000000000000000e+000  9.8612288668e-002
 1  3.000000000000000000e+000  9.8612288668e-002
 2  3.500000000000000000e+000  9.9723703150e-001
 3  3.250000000000000000e+000  3.8384500366e-001
 4  3.125000000000000000e+000  1.2619071681e-001
 5  3.062500000000000000e+000  9.6746741292e-003
 6  3.031250000000000000e+000  4.5498513204e-002
 7  3.046875000000000000e+000  1.8169209579e-002
 8  3.054687500000000000e+000  4.3115734095e-003
 9  3.058593750000000000e+000  2.6654760278e-003
10  3.056640625000000000e+000  8.2706753436e-004
11  3.057617187500000000e+000  9.1819956846e-004
12  3.057128906250000000e+000  4.5314843409e-005
13  3.056884765625000000e+000  3.9093913939e-004
14  3.057006835937500000e+000  1.7282784641e-004
15  3.057067871093750000e+000  6.3760426096e-005
16  3.057098388671875000e+000  9.2237724911e-006
17  3.057113647460937500e+000  1.8045290172e-005
 n              xn1                  |f(xn1)|
 0  7.500000000000000000e-001  3.3578574439e-001
 1  7.500000000000000000e-001  3.3578574439e-001
 2  6.250000000000000000e-001  2.2275937767e-001
 3  6.875000000000000000e-001  2.4560276112e-002
 4  6.562500000000000000e-001  1.0759293308e-001
 5  6.718750000000000000e-001  4.3582671517e-002
 6  6.796875000000000000e-001  1.0020105831e-002
 7  6.835937500000000000e-001  7.1438515991e-003
 8  6.816406250000000000e-001  1.4698111808e-003
 9  6.826171875000000000e-001  2.8291148099e-003
10  6.821289062500000000e-001  6.7767350676e-004
11  6.818847656250000000e-001  3.9656365822e-004
12  6.820068359375000000e-001  1.4043124948e-004
13  6.819458007812500000e-001  1.2809712688e-004
14  6.819763183593750000e-001  6.1593311498e-006
15  6.819610595703125000e-001  6.0970830462e-005
 n              xn1                  |f(xn1)|
 0  1.000000000000000000e+000  9.3840000000e-001
 1  1.000000000000000000e+000  9.3840000000e-001
 2  1.500000000000000000e+000  1.4616000000e+000
 3  1.250000000000000000e+000  9.2019375000e-001
 4  1.125000000000000000e+000  1.9143398437e-001
 5  1.062500000000000000e+000  3.1854221191e-001
 6  1.093750000000000000e+000  5.0434034729e-002
 7  1.109375000000000000e+000  7.3704356289e-002
 8  1.101562500000000000e+000  1.2445655054e-002
 9  1.097656250000000000e+000  1.8790386516e-002
10  1.099609375000000000e+000  3.1215625882e-003
11  1.100585937500000000e+000  4.6747285767e-003
12  1.100097656250000000e+000  7.7975588459e-004
13  1.099853515625000000e+000  1.1701098411e-003
14  1.099975585937500000e+000  1.9497863661e-004
15  1.100036621093750000e+000  2.9243820490e-004
16  1.100006103515625000e+000  4.8742179949e-005
17  1.099990844726562500e+000  7.3115129304e-005
 n              xn1                  |f(xn1)|
 0  1.000000000000000000e+000  2.4663266581e+001
 1  5.466280157685478000e-001  1.4773541846e+000
 2  5.761259392915085700e-001  3.4168393129e-002
 3  5.754733105254510300e-001  1.5437980224e-005
 4  5.754730153875763400e-001  3.1725733152e-012
n              xn1                  |f(xn1)|
 0  1.500000000000000000e+000  5.4643351846e-002
 1  1.826829680165032800e+000  1.0980691421e+000
 2  1.482884198019600600e+000  1.3205436212e-002
 3  1.478697542958421700e+000  3.4503039913e-003
 4  1.477216760090391800e+000  3.6604585884e-005
 5  1.477200881878156100e+000  1.0417180560e-007
 n              xn1                  |f(xn1)|
 0  6.999999999999999600e-001  3.1089680897e-001
 1  7.713017107305209000e-001  2.6348745061e-001
 2  8.358729187215469000e-001  1.9251330476e-001
 3  8.886468751051942400e-001  1.2042335220e-001
 4  9.264805325603255900e-001  6.4039261836e-002
 5  9.493719733906556000e-001  2.9014299108e-002
 6  9.607660115076238600e-001  1.1509853845e-002
 7  9.655278634358379600e-001  4.2002499339e-003
 8  9.673059379544447500e-001  1.4731320174e-003
 9  9.679350377497740700e-001  5.0862175001e-004
10  9.681529236375010500e-001  1.7461629418e-004
11  9.682278078056164600e-001  5.9829419799e-005
12  9.682534752181138900e-001  2.0485591827e-005
13  9.682622648640116800e-001  7.0126245049e-006
