50 0.020408
0.000000 0.800129
0.020408 0.874475
0.040816 0.990263
0.061224 1.121927
0.081633 1.243899
0.102041 1.330614
0.122449 1.356505
0.142857 1.333135
0.163265 1.286388
0.183673 1.219740
0.204082 1.137883
0.224490 1.045509
0.244898 0.947312
0.265306 0.847983
0.285714 0.752215
0.306122 0.664702
0.326531 0.590134
0.346939 0.533206
0.367347 0.498609
0.387755 0.494696
0.408163 0.589427
0.428571 0.768891
0.448980 0.982862
0.469388 1.181114
0.489796 1.313421
0.510204 1.340901
0.530612 1.330718
0.551020 1.303332
0.571429 1.261950
0.591837 1.209781
0.612245 1.150032
0.632653 1.085912
0.653061 1.020628
0.673469 0.957387
0.693878 0.899399
0.714286 0.849870
0.734694 0.812009
0.755102 0.789023
0.775510 0.791380
0.795918 0.869674
0.816327 0.993364
0.836735 1.115520
0.857143 1.189211
0.877551 1.185329
0.897959 1.140977
0.918367 1.071567
0.938776 0.989407
0.959184 0.906808
0.979592 0.836080
1.000000 0.789531
