1000
0.751792961768095 
0.783654287590831 
0.075014498428776 
0.168340095862846 
0.100863673430593 
0.821466719873244 
0.137913145128985 
0.155766473894095 
0.494979705381969 
0.915768912730509 
0.988341929024283 
0.316080204017799 
0.545426803409346 
0.172276985305265 
0.989104893309681 
0.020264289426518 
0.260689106453387 
0.701071198563434 
0.904477065430933 
0.192785424466861 
0.715781120665668 
0.232581560666951 
0.176274909183477 
0.108249151938846 
0.786309395306259 
0.540849023926202 
0.779931029323689 
0.448500015231146 
0.103183080942559 
0.204168828825188 
0.066713459843531 
0.400097658304496 
0.884456922614347 
0.735343484277594 
0.499038666387437 
0.074648276008648 
0.799798576328723 
0.611774040862143 
0.684011353556400 
0.032135988779587 
0.525193028985840 
0.237769706232661 
0.612353894461959 
0.189336834676509 
0.142765585711276 
0.369335002053708 
0.508804592392801 
0.894222845813275 
0.042878506093663 
0.033204139679265 
0.199713126878125 
0.447340311889553 
0.484206671679720 
0.471510973277237 
0.404828028684435 
0.852290415885882 
0.468398084333304 
0.142551955905085 
0.858821373698075 
0.075289163040632 
0.085421306780900 
0.310068057499762 
0.669454024968928 
0.596331673145709 
0.985930967938298 
0.251258887837736 
0.818201237155693 
0.532029173662272 
0.136600846316715 
0.615314189503036 
0.209540084943724 
0.112643818060096 
0.515243995871564 
0.963499864208931 
0.175695060086866 
0.793420207667200 
0.901303141757403 
0.022309030373314 
0.842280343981938 
0.781884211655273 
0.418530837580346 
0.680776392466815 
0.261787773726291 
0.262825403387143 
0.985900449366882 
0.262642290742085 
0.720877712335002 
0.101351970253681 
0.332621234796222 
0.106082339133666 
0.127628408827727 
0.306070132612429 
0.734305857169061 
0.980468153177749 
0.885372476966385 
0.032959991299150 
0.125797295024203 
0.372753074073896 
0.158635211280262 
0.411755730543865 
0.747337259139333 
0.174077576789374 
0.938474683980539 
0.975707265978392 
0.980040893612291 
0.798211616447394 
0.812463760220582 
0.976165044779893 
0.527268286139835 
0.262398143023287 
0.846247748330432 
0.363261817668062 
0.597857599696890 
0.263039031713112 
0.482497633739981 
0.713705861723814 
0.247444072889356 
0.776177252292558 
0.863948486334455 
0.886989960365862 
0.534501173896287 
0.214880826168699 
0.486098817825537 
0.691854610153311 
0.646778772811859 
0.674550616765058 
0.586809901226724 
0.343150120624087 
0.654896693300052 
0.297250280880403 
0.177861872823452 
0.991454817252833 
0.049165320540298 
0.286446731106309 
0.125858332818340 
0.105807672770104 
0.715689566609502 
0.603503522859726 
0.187841425129843 
0.991760002966992 
0.508255256069232 
0.876888334032406 
0.408551284940240 
0.224555193800984 
0.072237311008393 
0.555711538666491 
0.784966582066550 
0.280648212842852 
0.076723533451720 
0.838496048820170 
0.604754783808833 
0.146885586969306 
0.510788291136362 
0.408612324174512 
0.365092928227038 
0.189825129689348 
0.200964386891020 
0.507827997801753 
0.677358315992661 
0.066133611350394 
0.205298015259755 
0.378521072237592 
0.064607683131036 
0.954924160170630 
0.240638446665374 
0.606891077522669 
0.058107241783485 
0.893978698274937 
0.799615467441651 
0.397167881641107 
0.498458815526124 
0.500564592325775 
0.113040561219414 
0.309366131915453 
0.448500015231146 
0.858149969197509 
0.614490188175795 
0.490646077456030 
0.623493147268724 
0.850703452429325 
0.062807090299820 
0.932248909532106 
0.745353556812931 
0.725058746856935 
0.979552598821129 
0.783288065516915 
0.726767785932559 
0.163609729479681 
0.556382944625104 
0.251991333739368 
0.091769155890236 
0.647511216706677 
0.690328683133407 
0.126621297737334 
0.538865323245004 
0.392284920535458 
0.301461837263010 
0.446211126323303 
0.052827538690180 
0.637256996589792 
0.590472119424811 
0.353312784212848 
0.472060302839532 
0.569261759014170 
0.391705070248259 
0.659749139007895 
0.916440319599920 
0.662739952232360 
0.278481399054578 
0.155949583725160 
0.983733633824289 
0.716971342945427 
0.576128419972409 
0.196386606697602 
0.118961152173502 
0.371745964757346 
0.939970093617793 
0.591021454456503 
0.064516129729243 
0.382976774456217 
0.653645437268584 
0.335093234788869 
0.796197394399543 
0.439039275701861 
0.304574723340988 
0.207800530617518 
0.851802116135483 
0.799890132507263 
0.992645038510118 
0.771446881588144 
0.458967863080816 
0.538987396906633 
0.728110600580269 
0.802301094525446 
0.367656482825775 
0.670735799501853 
0.175542466678523 
0.684102909406515 
0.794122134899333 
0.943266091403590 
0.399426252575630 
0.796075319494823 
0.382457960478214 
0.579027679498863 
0.768242440160528 
0.426068912422191 
0.590105897605003 
0.743491928980519 
0.672627947596990 
0.240302741615979 
0.403027436528072 
0.023865474559878 
0.214667193905605 
0.841303748774036 
0.787865839893892 
0.698843348157735 
0.523880735896752 
0.444532606861599 
0.785882138798318 
0.080263680575303 
0.856410414941010 
0.205908383151395 
0.656575212847858 
0.708853418548612 
0.133701591764584 
0.230597858079804 
0.975554673044558 
0.684163944183698 
0.077059236602424 
0.794763024679106 
0.094424270465203 
0.910916469551736 
0.593829159678995 
0.811639758219959 
0.867854853865240 
0.542497025717646 
0.572008421491395 
0.072695091236792 
0.054475537447766 
0.402935880939397 
0.739249854443250 
0.295846430592198 
0.298196354627671 
0.668660543390827 
0.742637410504748 
0.511093476324029 
0.095339823411940 
0.591204567668387 
0.105288857994999 
0.815607165366994 
0.654896693300052 
0.542344429960884 
0.216193119704637 
0.029114657785674 
0.057008575635147 
0.162694172588041 
0.009613329485934 
0.281075473206709 
0.617267371322430 
0.894924770527631 
0.490096742949675 
0.060365610436621 
0.861598559525159 
0.683095798739594 
0.759361554165635 
0.759483627704250 
0.019196142000184 
0.119388406722165 
0.701528978744423 
0.243964962990371 
0.439161350069593 
0.819177830228085 
0.982909633626323 
0.478591267662942 
0.837214271634390 
0.305795464265160 
0.521988586782050 
0.741233559518192 
0.778557694226037 
0.186620687621587 
0.087160863613725 
0.456007569176152 
0.303750724260382 
0.901150547921036 
0.176824243501813 
0.176885282816847 
0.102969450483032 
0.822626421446139 
0.839564194328540 
0.752861109862809 
0.145603808132162 
0.994659261195632 
0.589709160753178 
0.205755790011478 
0.171056247797009 
0.283486433890924 
0.074953459889928 
0.352732932351736 
0.947141942722770 
0.227912226583973 
0.652211064377806 
0.703756829150122 
0.702383495523882 
0.367412335617265 
0.527787102881484 
0.665700246634229 
0.638416697688517 
0.330118718176814 
0.618396556210078 
0.584643085339888 
0.928464613076752 
0.461989197182598 
0.789086581171598 
0.657002472440458 
0.108676411492658 
0.277993103616981 
0.624225592917499 
0.241248816894440 
0.268288215091114 
0.517014067969525 
0.388348034013739 
0.601184117251448 
0.944608906027188 
0.081270790027415 
0.332132937693457 
0.612048706506058 
0.129459517626103 
0.642078921767619 
0.000854516963508 
0.460860011616347 
0.293465985891331 
0.192541277310205 
0.700674458506601 
0.872280039392781 
0.833643603857138 
0.329111607471932 
0.779503769721794 
0.890652182107095 
0.851496934157603 
0.542588582190443 
0.878780479215641 
0.750602739179392 
0.667378765173562 
0.300302133086987 
0.811822870648565 
0.866145817794089 
0.977202672834303 
0.200537127032859 
0.225653858835896 
0.470503858367565 
0.058137761052908 
0.980529191649835 
0.702169865464426 
0.937711720428281 
0.929532762817649 
0.658955657467886 
0.455000459357703 
0.316537979628913 
0.874813075314161 
0.594958340170436 
0.278511918447408 
0.109408855012009 
0.231299782597287 
0.743980223974322 
0.904721212634140 
0.825891904163690 
0.853633229467238 
0.892086549436465 
0.424756614984434 
0.343150120624087 
0.157353432443117 
0.150547808639830 
0.931333354804866 
0.604602189830882 
0.148899810140555 
0.490920744709208 
0.037537767193564 
0.687124241407279 
0.347941526189317 
0.602587967783011 
0.429578540417682 
0.769188513764452 
0.008819850450989 
0.853938415738014 
0.108340711132627 
0.030152288401165 
0.546922209444028 
0.638050476946515 
0.477034823190975 
0.012909330840420 
0.576250493912346 
0.884670552252028 
0.930631426187131 
0.480361340023353 
0.465010526637945 
0.019135104905156 
0.103457747306120 
0.297280801545797 
0.814447463794099 
0.150242623918106 
0.431592759423818 
0.369121371627359 
0.768211919568077 
0.767479475392660 
0.185399945234089 
0.168309581084571 
0.557878355538252 
0.729331338355014 
0.629535812417996 
0.880001222456787 
0.190954316123915 
0.824213386661815 
0.465773489607226 
0.698049868044069 
0.688039796061916 
0.684438611734042 
0.215613270543655 
0.302652059813108 
0.774559770176947 
0.335245825880583 
0.698355051373031 
0.050965909589738 
0.434247870875906 
0.159764395251622 
0.261116365207044 
0.911770988884145 
0.230140079884123 
0.561296423974089 
0.917325356302434 
0.675405133120341 
0.799279761453670 
0.103915526177191 
0.049256874715411 
0.470748010882437 
0.427381205829229 
0.413159580728392 
0.831751458422703 
0.119724112087346 
0.110293895519277 
0.617419965300381 
0.032349620348861 
0.361003448363040 
0.007446516553286 
0.611774040862143 
0.345194860249666 
0.474196601500220 
0.694631794009506 
0.925382245239135 
0.913846248353773 
0.335551012738410 
0.121433150302596 
0.473433639105420 
0.200201421191437 
0.436872461720701 
0.680440686454948 
0.975310525648977 
0.855250710629035 
0.898037661390875 
0.293588061864913 
0.319895017077404 
0.747856073502172 
0.005340739989605 
0.922635576517516 
0.659566026072322 
0.808313241942817 
0.306527908223543 
0.409588916032801 
0.513626516367437 
0.842249825784150 
0.793145542601588 
0.053529465835490 
0.663167211824960 
0.971892452371698 
0.202673421655638 
0.829889828739459 
0.117831965494834 
0.860103150751439 
0.970885343553330 
0.658711506887122 
0.936399427110619 
0.374126406978473 
0.865413372499902 
0.627918332268190 
0.181737722950837 
0.845179602822063 
0.832911158524436 
0.577837459735474 
0.792382581387103 
0.579424420954645 
0.089754937489253 
0.953428753459035 
0.650654620120383 
0.777977843898151 
0.988647114738442 
0.330271309588191 
0.629902037324768 
0.520462658599658 
0.691122166705437 
0.520706810881794 
0.901150547921036 
0.970122378884162 
0.178930021802607 
0.666127506226829 
0.280922879954480 
0.455153048234412 
0.633777884964075 
0.221961118822529 
0.901272623856746 
0.583910641700270 
0.717642751304289 
0.241676075648097 
0.983306373955737 
0.048890654080701 
0.784997100830540 
0.865504927055944 
0.995605333881589 
0.277016509029870 
0.557664722677530 
0.420575577966418 
0.978453932294633 
0.581408123629599 
0.293923765776266 
0.038972135608294 
0.315500351929787 
0.971739859437864 
0.982848598400619 
0.199224827896786 
0.733939635836638 
0.278756066166206 
0.595477155566155 
0.097903379335451 
0.814264351365494 
0.749717704316739 
0.923947872886234 
0.257881406653193 
0.791253395458458 
0.770561846225392 
0.039246802067891 
0.278664511699636 
0.927152319759091 
0.871456039542553 
0.900265511469655 
0.136173591714179 
0.238288522106592 
0.671803948630298 
0.143406475129848 
0.936948760714698 
0.856654560423788 
0.920834985742384 
0.586077457587107 
0.534134952911400 
0.807214574740351 
0.290078432800403 
0.473586227629132 
0.910916469551736 
0.482711266572486 
0.074495679661529 
0.001892147712704 
0.737723929129328 
0.596942047449347 
0.457472454917597 
0.146794032053774 
0.009613329485934 
0.897732473718141 
0.496780296993952 
0.331034271549437 
0.169866025067028 
0.420911284493040 
0.487594227876830 
0.960448011182183 
0.626239813245666 
0.566759241552091 
0.858668782771338 
0.360820336922761 
0.066042053542123 
0.779686879211775 
0.257728813079206 
0.146000547769418 
0.476302375534482 
0.112765893648371 
0.982879117636662 
0.549180575896784 
0.275154881746052 
0.458571122708505 
0.415723137211292 
0.748161261228223 
0.460982087364148 
0.726706749043822 
0.612964261582773 
0.716025269159800 
0.185247351825747 
0.750389109560449 
0.712118899770225 
0.628559219607886 
0.655476547005630 
0.202551348077310 
0.308175909365356 
0.359477522897227 
0.774437695120990 
0.303018280301999 
0.457167272517745 
0.094790490684817 
0.422132024139638 
0.597796565028901 
0.462782677927220 
0.597582932181044 
0.786431470362216 
0.592120119915929 
0.102786337975523 
0.154332100191166 
0.648854029205932 
0.518173774668429 
0.450697346166529 
0.734397412502167 
0.031586658397672 
0.018707845239953 
0.949736016382715 
0.393261512756588 
0.112338634094558 
0.028168584549398 
0.894924770527631 
0.451582384883611 
0.812616351292351 
0.632038331233603 
0.979461044359382 
0.480422374444026 
0.966399119739215 
0.186071353303251 
0.062135683998412 
0.624805445549246 
0.475081637680426 
0.476851710040837 
0.811304054719584 
0.296121096516760 
0.355052339796183 
0.203985716123683 
0.382335887551313 
0.765099034030354 
0.083712272695496 
0.566454053116196 
0.784417250502653 
0.686208686590472 
0.151127658108150 
0.233191933058258 
0.093111974551431 
0.085238199068795 
0.222693562179137 
0.480117192452542 
0.164830471867178 
0.840815453316533 
0.819330425227957 
0.774163029339041 
0.009430220379036 
0.191228978174133 
0.921750539815003 
0.585833309707234 
0.477523118332598 
0.298318430601252 
0.404492325946872 
0.711783197219927 
0.418042543282569 
0.398693809042299 
0.706686605550593 
0.887966550519213 
0.963377788533792 
0.574419384813302 
0.644978180761587 
0.975524153808515 
0.096987821593310 
0.674153875976008 
0.775505845672704 
0.499801629356606 
0.161229283919831 
0.415692617594155 
0.210943938096536 
0.824518568805354 
0.460188606619526 
0.201635793905837 
0.298837245128980 
0.741416668547009 
0.614978483630644 
0.678884244371679 
0.067506943222634 
0.757805109924909 
0.826990570879119 
0.573961608689531 
0.845912043861869 
0.862086854913641 
0.705557419436910 
0.834528640178780 
0.963255712858653 
0.049409465007265 
0.816614275868120 
0.609118929381473 
0.935300759902462 
0.388164923130406 
0.607928708660843 
0.095889156139063 
0.043122654494890 
0.908658101740295 
0.867793817494546 
0.791802729059690 
0.710715049187234 
0.095553453871467 
0.373119297661923 
0.173162021218561 
0.587298196986469 
0.264992217175417 
0.883205662688919 
0.339640492793865 
0.741721853290905 
0.607531966955468 
0.135380108580190 
0.651936398898183 
0.873805961928923 
0.178563800550130 
0.999114963538546 
0.894863734726318 
0.949644460509354 
0.617267371322430 
0.444105348713946 
0.997405926567191 
0.167241432105415 
0.875087738982287 
0.479720451413959 
0.840327157859030 
0.658192694750472 
0.735526598039297 
0.720786158278836 
0.183141573524953 
0.832026122202794 
0.405987731720074 
0.736930449575744 
0.241279334795860 
0.769402143192960 
0.963347268732013 
0.841273230576248 
0.945158239631267 
0.570451981491424 
0.933866389038405 
0.474715416324209 
0.411664174955190 
0.064271979980331 
0.789696950263474 
0.842524489564241 
0.660542620547904 
0.786187323344256 
0.642231514784646 
0.958677936850507 
0.105349893899034 
0.628681293188554 
0.914090395556980 
0.754905850927283 
0.851680043344331 
0.072450941487881 
0.270973847421732 
0.410565507891090 
0.332773828225136 
0.403973508769224 
0.594317455438739 
0.559068573237530 
0.314859463093627 
0.825312053377243 
0.276406139732874 
0.527939693731945 
0.802240057073086 
0.863032927505259 
0.618976409809895 
0.267983032298575 
0.874446852667068 
0.981994079269703 
0.616443374390684 
0.128482922930203 
0.986266672223873 
0.810754721361870 
0.905301063272053 
0.134037292124616 
0.761619921989327 
0.884121221374039 
0.160649434451511 
0.919797358068162 
0.813135167221332 
0.310007017771013 
0.721579637626497 
0.981017486440997 
0.618274484544113 
0.265999327443440 
0.725669118839798 
0.393566699248852 
0.983245338730033 
0.732444228967085 
0.535111547110733 
0.661091951507150 
0.126071962595246 
0.367992187781467 
0.734977262945171 
0.845515302997730 
0.910367136283928 
0.934171575227043 
0.484633932400669 
0.637012849428457 
0.260170293995468 
0.174657430765227 
0.504409926685643 
0.519638661578722 
0.288277840614055 
0.556505021910652 
0.478011413474220 
0.688955352965531 
0.168279061427054 
0.778130434624142 
0.152165287163978 
0.877834406624024 
0.282113100924116 
0.451918089705238 
0.915005949629599 
0.746665853895624 
0.674459060914943 
0.866328926906173 
0.133884700141847 
0.994415112624304 
0.344615008388554 
0.234656819771475 
0.034730063581643 
0.846430861810056 
0.408032471025326 
0.336313975208580 
0.402996916910935 
0.075655385460760 
0.657734916335276 
0.956694234502306 
0.888668479566653 
0.213141271842492 
0.557634205745131 
0.032502211349760 
0.195684684789223 
0.104373300252857 
0.198858607161803 
0.908261359444195 
0.937803276668740 
0.467421489105999 
0.249916075773922 
0.610095524686664 
0.441145054809282 
0.609393595025388 
0.432447279997940 
0.543870358090699 
0.275765251043048 
0.957365641885633 
0.553605760437504 
0.523056732547879 
0.796746728000776 
0.559984128989263 
0.626239813245666 
0.532975250672773 
0.476241341113809 
0.215887935704583 
0.108279673338489 
0.137699515322795 
0.308114872617207 
0.385601366616632 
0.792657246452715 
0.935758537266082 
0.065645311852571 
0.542619099379275 
0.378429517542416 
0.970854824317287 
0.694418163950051 
0.120334485023571 
0.255348367965785 
0.503982663441885 
0.620838037879815 
0.710928677490466 
0.532212286607865 
0.053071687091407 
0.258339183308271 
0.672353283730986 
0.840601825932017 
0.106631671860789 
0.491714226786374 
0.799920651233443 
0.945463421981230 
0.417096467778682 
0.421430098540540 
0.218482010683038 
0.693502610504800 
0.280892360561651 
0.148930325105836 
0.151585437695657 
0.330545975184353 
0.710898160557833 
0.884151739274696 
0.723868524871582 
0.719626452931710 
0.907742547667676 
0.156529433193480 
0.452772606000545 
0.490340890520486 
0.936185797162440 
0.410962249862926 
0.586260566195032 
0.651356549116342 
0.012787254983295 
0.769554734380296 
0.942167424195433 
0.696981717746790 
0.311471908668380 
0.240699482468215 
0.405804620542724 
0.739158299110144 
0.692220833606430 
0.156773582974797 
0.742332225760852 
0.695944090969954 
0.260628070650545 
0.121524704491228 
0.879360333543744 
0.068147830254619 
0.163243508227204 
0.248359630266396 
0.316843165096954 
0.334849086237486 
0.525864436577950 
0.971160006938573 
0.820154423300477 
0.499496444168938 
0.940244758500495 
0.208349864054007 
0.052247687712614 
0.817438277868742 
0.406262398486099 
0.162022768204188 
0.302224799595467 
0.236671041197749 
0.135227516597422 
0.532639546876718 
0.965086826793887 
0.582384715149089 
0.120822777366372 
0.431440168479513 
0.930143131356250 
0.017029329414334 
0.883877069502618 
0.771263772752088 
0.533860288399309 
0.807275612192712 
0.297036652942632 
0.416760765041119 
0.233222447506184 
0.928189948194051 
0.896145512552403 
0.876338997850303 
0.656239509723044 
0.537461468776819 
0.583849607032281 
0.815515609152692 
0.185399945234089 
0.849269079961709 
0.132145145532103 
0.174565871792677 
