1000
0.383770256558421 
0.724875636190723 
0.052613912281584 
0.392773217911055 
0.772698140510470 
0.819940793443138 
0.452833641551228 
0.723960082186015 
0.420056763918917 
0.246192814529804 
0.195837273261113 
0.048646505679474 
0.927457502109054 
0.851893675021742 
0.278572953521148 
0.251472517214564 
0.514633625496229 
0.856898710329492 
0.903073212830716 
0.641041290084791 
0.012054812317315 
0.001068147374082 
0.657002472440458 
0.532731103349515 
0.737723929129328 
0.037781915594791 
0.657612841044894 
0.942655719026314 
0.040375989898913 
0.229834895884070 
0.689382609626078 
0.299050873066751 
0.790002134809412 
0.003234963425923 
0.867244485735369 
0.577867974767490 
0.596301158113693 
0.415692617594155 
0.856501969497052 
0.768120363678184 
0.037751397536420 
0.595660268778038 
0.180516985442581 
0.073610642880633 
0.681112094794342 
0.808313241942817 
0.647633288073323 
0.757438886985560 
0.173192540876078 
0.304971465184554 
0.428327280163790 
0.035004728772600 
0.186529128649036 
0.611590928967701 
0.814294868794227 
0.922482985545808 
0.499404890603149 
0.413281655934203 
0.190130315969182 
0.446180608547961 
0.992156744395399 
0.690694906586526 
0.249305705544857 
0.119968258258747 
0.840601825932017 
0.264381847878421 
0.985534226509891 
0.096072268646573 
0.688100832727708 
0.404065064357899 
0.490615557773664 
0.896298106388770 
0.077272867081911 
0.658162175927876 
0.090517900675903 
0.129276404243691 
0.922788171610409 
0.560472428575505 
0.850215156971822 
0.100650042971066 
0.306375316353172 
0.370189520058755 
0.979064304029967 
0.721701711873563 
0.375438704468554 
0.501052889621299 
0.167973874610369 
0.623371073688057 
0.626392406262693 
0.796411022012795 
0.389294106067603 
0.881405071885500 
0.353892636073959 
0.306253242856875 
0.190771203422410 
0.259193700815586 
0.547593614186438 
0.722403637165059 
0.015137180142034 
0.374401074669494 
0.017120884242547 
0.127994630587402 
0.576158939608383 
0.695638904182628 
0.027130953933907 
0.218085270165609 
0.822565386588672 
0.775444808144725 
0.223029269409516 
0.646687216344072 
0.521317179189939 
0.626056704957050 
0.129245887849196 
0.657307656742676 
0.991058075824426 
0.643726921353784 
0.000915556451667 
0.653065583563006 
0.017120884242547 
0.988250373310035 
0.310312204492356 
0.862147891284336 
0.479964598984770 
0.823786126947137 
0.649342326443723 
0.755516220415075 
0.726920378154402 
0.327341531792527 
0.329172641925112 
0.372631001394729 
0.220007935074506 
0.871120335080807 
0.458632158259189 
0.211828972706420 
0.490279856099814 
0.284524062946379 
0.782128361767187 
0.841212194180672 
0.929654836525369 
0.603167821382828 
0.058626056144253 
0.886532183189843 
0.452284312302208 
0.209906310346735 
0.263161105572511 
0.552323982385077 
0.556352427692704 
0.774987029778841 
0.391338845951529 
0.332560198826976 
0.817133091797100 
0.901089512119722 
0.149113434936901 
0.066835536921226 
0.343241675746556 
0.879940182322391 
0.308420056357950 
0.998657184967307 
0.227057712262063 
0.466261787951997 
0.009826959896509 
0.991729484395577 
0.520340585519847 
0.075655385460760 
0.794122134899333 
0.561052278958944 
0.766472366491294 
0.312631609863802 
0.643269142302704 
0.874385816296373 
0.620960113941274 
0.234778895127977 
0.812738424935388 
0.380809961829691 
0.590594193364748 
0.259651477470664 
0.735740227149877 
0.222418897018209 
0.423261205995079 
0.120548114800477 
0.781304361327387 
0.085665455192444 
0.179448836463426 
0.777214880986329 
0.146916106944432 
0.648030028843327 
0.516495256136257 
0.687856686064538 
0.667287209714248 
0.277108067208358 
0.216925567452445 
0.349009673473520 
0.820245979514780 
0.137485885516604 
0.492477189181174 
0.508865626444567 
0.711294900231663 
0.362407300175969 
0.094424270465203 
0.960905790548986 
0.317819758575246 
0.445814385950992 
0.762016663197622 
0.323831902938735 
0.774529251412957 
0.511642812647598 
0.039948729213201 
0.714011047341479 
0.980742819809373 
0.616168704351274 
0.996307261024155 
0.716849268698361 
0.311655018912825 
0.739799189537376 
0.872005371301730 
0.563127535477556 
0.714133121588545 
0.624530778951552 
0.193273718780173 
0.916745505664521 
0.968443859858375 
0.113620412755996 
0.378337962847240 
0.179967651124245 
0.397412030328905 
0.149082919971620 
0.369121371627359 
0.722708822782723 
0.804162726412404 
0.083895380407601 
0.320078128354583 
0.941465499416373 
0.919370098401958 
0.464888455536578 
0.874538407223110 
0.555131688283052 
0.139622178568666 
0.942350536676351 
0.060426648975468 
0.042939542210404 
0.838343453538335 
0.463240453850215 
0.336283456055358 
0.631519517474574 
0.029572434261718 
0.403515730825849 
0.818811609298976 
0.736655780480936 
0.667409282562153 
0.796380503286615 
0.223517562053122 
0.267006437711463 
0.360454115964110 
0.312143315878614 
0.549455242622304 
0.694723350737377 
0.784508803700666 
0.146855066994181 
0.039185765951150 
0.300393688209209 
0.572985015885903 
0.474868009791981 
0.445600756877165 
0.497695852556955 
0.967589343973841 
0.622302928639855 
0.136478776435902 
0.644764548871842 
0.009826959896509 
0.617481001133363 
0.068269907332314 
0.247718742135910 
0.554795982914758 
0.274636066915626 
0.160222174839129 
0.963377788533792 
0.888424327695232 
0.466811120178971 
0.100192268895400 
0.306802576570812 
0.229621264010192 
0.744865261819128 
0.113254190996321 
0.470320750161487 
0.898373362631183 
0.957884457324017 
0.724662007080143 
0.160100099948471 
0.431012908192451 
0.032441174254731 
0.047822506300681 
0.856471451311704 
0.424207280329640 
0.565782647157583 
0.629505292981636 
0.404309214769522 
0.388592180171473 
0.389965514326533 
0.382122257909899 
0.340037232436962 
0.393200474952122 
0.762932219152825 
0.636005737181988 
0.860774559674930 
0.782769249623052 
0.342570268398854 
0.841456344055871 
0.842616048450501 
0.747795037746255 
0.600787375546073 
0.952757346075708 
0.813867609079549 
0.029938656831891 
0.832514421953193 
0.024872584891182 
0.289681690902259 
0.543290506971386 
0.417249062601630 
0.054536577498768 
0.374248481507816 
0.192632831326944 
0.488662372263114 
0.596514786357592 
0.036652731698029 
0.670674764724670 
0.668416393229075 
0.186407054898211 
0.967223119634088 
0.514603105982207 
0.021088288472735 
0.101870785028786 
0.419507429264124 
0.204046755246861 
0.885708182539776 
0.492324595713402 
0.945829646943066 
0.581041901809790 
0.740592669090960 
0.409466840826990 
0.430555131328817 
0.373546556664447 
0.757835627573630 
0.769280069654346 
0.329325235975702 
0.103762931621699 
0.203161715968949 
0.777001252732358 
0.519241917848988 
0.162663657622760 
0.338023010393857 
0.846095157341492 
0.666463209351643 
0.331339458407264 
0.979644153282877 
0.542832729513701 
0.518021182074595 
0.531266214503665 
0.375774407574071 
0.587328716622443 
0.023499251989705 
0.084170046771162 
0.550065614716118 
0.442518387224700 
0.693014313720096 
0.262916957853713 
0.774163029339041 
0.522324290578105 
0.097811820683994 
0.414746545353003 
0.323374126065392 
0.550096131648518 
0.919858392808372 
0.437818536055263 
0.171605577236104 
0.098849450234205 
0.456068604726836 
0.892788474150822 
0.781884211655273 
0.844416639291572 
0.984466079538271 
0.530228585926667 
0.649098179786696 
0.562334057011371 
0.897335732343436 
0.515366068951376 
0.750755333042417 
0.400738548926225 
0.008728292778347 
0.131290626424478 
0.562181462793424 
0.459425643650245 
0.941648608058616 
0.242072816500334 
0.792596209000355 
0.207007050024373 
0.001556444564197 
0.296639911044488 
0.497909484178834 
0.767204810666710 
0.443037203344813 
0.155186619415929 
0.726950896598771 
0.605334637408649 
0.534379100234658 
0.518967252175342 
0.356975006286437 
0.646839806533313 
0.328012939808853 
0.244819484564570 
0.274910734027254 
0.358287300457322 
0.541978208975997 
0.325846126987713 
0.560716573590650 
0.822717977660442 
0.458754234006990 
0.819147312799351 
0.828577532166692 
0.340403455264035 
0.248359630266396 
0.502243110857947 
0.383068331170730 
0.586169011891070 
0.621265297501681 
0.539323100702688 
0.345530564399232 
0.854609820382244 
0.217535935452553 
0.938230536565098 
0.407727287904899 
0.424481949672397 
0.638935515612316 
0.079958496694022 
0.368511002680997 
0.573534349336943 
0.529282508916166 
0.101626636617242 
0.110080265742371 
0.274758140775026 
0.610553302225021 
0.414105656232278 
0.169835505409512 
0.105929744578174 
0.079744866214535 
0.135715812126672 
0.564287241022411 
0.402844325350722 
0.273751030507003 
0.723380231141586 
0.020996734566865 
0.188238166039837 
0.007599107475702 
0.581835384721354 
0.275246436212622 
0.907254249140078 
0.493301185996647 
0.933225503032543 
0.587145603410560 
0.500747704433631 
0.244483779515175 
0.727011933487508 
0.135746332101797 
0.847956784578140 
0.874202702761364 
0.872920925708000 
0.446577348920273 
0.109164708840608 
0.190893277000738 
0.576677755004101 
0.508346814611299 
0.000457777446035 
0.500137334058296 
0.060975982605660 
0.735465561150560 
0.530991545085274 
0.517044587483548 
0.452314830077550 
0.432569354365672 
0.234626300932350 
0.796777246726956 
0.115054778395053 
0.917172765330726 
0.426892912389021 
0.088503677479516 
0.214087345575554 
0.956785790375667 
0.518570513421886 
0.519882807738345 
0.787224952038027 
0.676778467187721 
0.917172765330726 
0.017181921337576 
0.108554335904384 
0.595263527322256 
0.547593614186438 
0.868800926456858 
0.624134038773191 
0.940916165812294 
0.523087254643012 
0.836909085363614 
0.241187781091598 
0.910428175145322 
0.998016297995510 
0.724570451747037 
0.252113405345050 
0.021820733613082 
0.733298745409406 
0.804223760394756 
0.674275949214714 
0.219458600361450 
0.406201362514560 
0.013275552173410 
0.287392804853577 
0.887356179506827 
0.195318459386212 
0.324320199677881 
0.149235509827559 
0.426831875205155 
0.672414318508169 
0.194433424776328 
0.871211889636849 
0.555162205215451 
0.531876582811810 
0.501754813562423 
0.434644610555674 
0.980895412743207 
0.189642016613952 
0.873989075463933 
0.829950863596926 
0.612414930294942 
0.782280952493179 
0.816125981295975 
0.298593096525815 
0.956144902794119 
0.597705006120981 
0.542893763891366 
0.460402235693352 
0.860225227915753 
0.468947418839659 
0.922971284073406 
0.106509600052719 
0.260231329798309 
0.161900693313529 
0.440260019379179 
0.939848016071398 
0.083223975872407 
0.288644061846804 
0.579515975258608 
0.043763541589197 
0.966002379409801 
0.777153843458350 
0.541611987991110 
0.361095004083179 
0.944212163598091 
0.429059726370181 
0.695455794185251 
0.963377788533792 
0.768425548996585 
0.596667379933502 
0.672231206807939 
0.392956328794388 
0.003357036163855 
0.510086367195237 
0.508713033850733 
0.858485673659254 
0.566698202909317 
0.286141544516353 
0.745414592568849 
0.565019685623797 
0.863185522854921 
0.150273138883387 
0.886257513417766 
0.960295419237241 
0.171300395298661 
0.902432325747121 
0.125705740835571 
0.178075500667586 
0.437665945110957 
0.158299506583413 
0.749839778810729 
0.460463271244036 
0.136020996848395 
0.397473068133371 
0.117313151752390 
0.839259012350661 
0.347056489688774 
0.349223303767314 
0.626880704750132 
0.859004487233084 
0.714957121127106 
0.747398297877405 
0.577227090035793 
0.621967222767463 
0.437299722007762 
0.986022523652546 
0.326029235625679 
0.936704609460583 
0.944456311013532 
0.706167789553199 
0.653614918445988 
0.851344338875768 
0.424542986856263 
0.845973084550341 
0.738273264223454 
0.352946562645530 
0.850398266158550 
0.184606463414102 
0.649006623318909 
0.514145328200705 
0.664754174904979 
0.911984618717247 
0.762352366164744 
0.868282112883028 
0.779961548087678 
0.254402296754209 
0.008697774593864 
0.294137393714037 
0.048158208877020 
0.689077426297116 
0.355815301779276 
0.192114017452044 
0.858790855512728 
0.776848658912412 
0.433973205563869 
0.232093263632146 
0.018860439714198 
0.145847957913478 
0.710745566119867 
0.455397199730014 
0.573076571461076 
0.656788840682289 
0.120303963623928 
0.010986663383637 
0.719321267314045 
0.280770286702252 
0.554429760614064 
0.308206427739430 
0.476424449319887 
0.721640674750030 
0.120761739572234 
0.866206854164783 
0.259834588946072 
0.313516648673158 
0.575212867724866 
0.642445142509621 
0.021973328087327 
0.225104524122840 
0.834223458200901 
0.120578631194971 
0.113193153202183 
0.501632740482612 
0.973387859227609 
0.939542833721435 
0.519547103036655 
0.976287118477683 
0.618701744165979 
0.344706564826575 
0.634113590434488 
0.581682791145445 
0.136692406242093 
0.242927334007648 
0.217444378935176 
0.093386640914992 
0.529526656239424 
0.141941586461639 
0.703848382419629 
0.835871458053033 
0.441419719433792 
0.756004515408878 
0.509628589413736 
0.382824183297591 
0.182775352272476 
0.558732872647211 
0.499557483196983 
0.783196509224947 
0.178014466231794 
0.064485610459819 
0.267708365186947 
0.342997527195173 
0.743491928980519 
0.119571520104577 
0.389080477547070 
0.496078373052828 
0.601825006684247 
0.984282968109775 
0.298043764676690 
0.793176061327768 
0.038789027258069 
0.487319560623653 
0.950285348090902 
0.541764578841571 
0.109012116857839 
0.033906064535425 
0.923703725683027 
0.127506333239453 
0.796563615643695 
0.748313852109094 
0.115604113537140 
0.548539691648547 
0.537247838642393 
0.532517473215088 
0.691457870096478 
0.193884091339839 
0.008178959219266 
0.322428052452904 
0.441755424255420 
0.397320474887239 
0.591448715548259 
0.322153386856741 
0.203863642545355 
0.797814873007053 
0.417401654161844 
0.498397776498079 
0.503982663441885 
0.037934505886645 
0.394756919990515 
0.115634629931634 
0.076357311031592 
0.831354717558564 
0.133091218828359 
0.593829159678995 
0.415814692799967 
0.930661947493067 
0.164067504825466 
0.469252600831143 
0.019226662284372 
0.026978362933007 
0.367900631884460 
0.740470595313485 
0.473494673526093 
0.112460709682833 
0.010986663383637 
0.380169072905450 
0.044587540967990 
0.336649678882431 
0.301339763766713 
0.294259469687619 
0.925565353881378 
0.888637957332913 
0.867580185774189 
0.509414957791858 
0.798486281513006 
0.935483872383380 
0.068147830254619 
0.870571003321630 
0.867336040291411 
0.148899810140555 
0.537003691319134 
0.029236731975732 
0.017853329382894 
0.850764488824901 
0.871517075913247 
0.004303109240409 
0.260444959175137 
0.309091463568184 
0.869533371751045 
0.096011232742538 
0.112704855854233 
0.215887935704583 
0.221381269661547 
0.435102391450028 
0.077486497561399 
0.877468183976930 
0.063203831989372 
0.947691274430957 
0.873042998449389 
0.149266029802685 
0.297830133394921 
0.017426069717691 
0.571306498600383 
0.646015810094445 
0.089571824981744 
0.626544999279719 
0.300790430052776 
0.258186589734284 
0.439130833493020 
0.255867184490589 
0.669789727296455 
0.506942961752772 
0.244575333219437 
0.326853237692595 
0.567064425210010 
0.767693104821168 
0.755272071427096 
0.465071566835063 
0.495223851541592 
0.894222845813275 
0.824243904090548 
0.367595447411279 
0.093997009546150 
0.274544512449057 
0.866054263238047 
0.555101166572677 
0.008880886819955 
0.849635302628060 
0.925534836414116 
0.789941100375387 
0.761955624956450 
0.126133000389384 
0.764458142801101 
0.441450241855567 
0.780663473471522 
0.714621418576809 
0.371990111965856 
0.579973755986337 
0.241340374665586 
0.424390391881238 
0.805017243805429 
0.080324719114150 
0.883327738624629 
0.446333202071104 
0.764854884009395 
0.516556290188024 
0.449812312095881 
0.654652546643025 
0.816827905725459 
0.128727074106753 
0.912350839522058 
0.559221167455477 
0.658345284939713 
0.643604847773117 
0.134250921901522 
0.939512312415498 
0.342112490449312 
0.229590745171067 
0.130283515334084 
0.691335796764893 
0.860866114230972 
0.368114260460634 
0.577806940099501 
0.917905211061531 
0.999389630681289 
0.921994691139394 
0.736411632925987 
0.795922725863923 
0.860621968748194 
0.182531204770825 
0.431897945343147 
0.248817406921474 
0.971678824212160 
0.176213874747685 
0.261024811502782 
0.957518233830575 
0.376323739360004 
0.012573624572720 
0.673207800086269 
0.740379039980379 
0.619922482803100 
0.554124576956145 
0.085268717020812 
0.833674122054926 
0.033143102584236 
0.189916683706088 
0.685872980578605 
0.103579819114190 
0.221137118948544 
0.994048889767313 
0.085451824732917 
0.721182897952667 
0.163426616413821 
0.049653613408491 
0.468337044968571 
0.331369975223287 
0.831904049411642 
0.220984529144117 
0.402691733790508 
0.247505112759081 
0.732352670538488 
0.153141881279399 
0.965483566557132 
0.702383495523882 
0.276284065873474 
0.782097843003198 
0.337382122199378 
0.687246314645985 
0.388866846496472 
0.135563217260887 
0.525589772065860 
0.409924618770365 
0.259498887963561 
0.706350903008940 
0.368785668521842 
0.903408916265422 
0.641407514991563 
0.178655354643439 
0.482467114057615 
0.815912351438636 
0.605975522445954 
0.790002134809412 
0.299447614964895 
0.914029360816771 
0.158696251230513 
0.108279673338489 
0.862453077560735 
0.329752495622455 
0.622638630116753 
0.506729330130894 
0.524918364473749 
0.083346047680477 
0.195501572087718 
0.117099521975483 
0.216315195061138 
0.912289804781848 
0.587267677350496 
0.542680133756940 
0.428083131428327 
0.938474683980539 
0.143498030045380 
0.112308112694915 
0.576494641792218 
0.204504529998583 
0.361827447922389 
0.956724754304085 
0.898861657707859 
0.610431226163562 
0.206884976446045 
0.688222906059293 
0.538956879717801 
0.281746881289364 
0.130527666510634 
0.965483566557132 
0.978576005992423 
0.900936918283355 
0.203314309108866 
0.723899045062482 
0.470381784582160 
0.032441174254731 
0.263405257003228 
0.353617968852279 
0.629627370727074 
0.973632006623189 
0.489608447808053 
0.605883968696480 
0.839991453390467 
0.161961728253936 
0.304300057974320 
0.509018219038401 
0.629993591469076 
0.670400097174326 
0.012573624572720 
0.075807977401400 
0.676808984576313 
0.821680349730583 
0.084322641326654 
0.082796714953354 
0.592699974583595 
0.453016752849713 
0.484786520924381 
0.703146459033834 
0.151493882780125 
0.862727745651786 
0.960234383165660 
0.274513993056227 
0.110324411913771 
0.969328898225333 
0.685262610700734 
0.982665486230742 
0.283547471877715 
0.715048678441540 
0.177343058162632 
0.742393261516769 
0.024719993890283 
0.244697408892003 
0.885402994867042 
0.057191687919632 
0.773216955257379 
0.891140477183771 
0.358226264591832 
0.138401439681774 
0.821344646230208 
0.498580888605936 
0.399670401263429 
0.065431685779562 
0.958555864707343 
0.115146337588833 
0.115756705519909 
0.268471327736172 
0.148808250215178 
0.585741750799314 
0.261421552355019 
0.114383372669840 
0.897457808279146 
0.076601460780503 
0.791497541797889 
0.877620774903667 
0.463576158671843 
0.062715536898028 
0.023651846463950 
0.877040924959142 
0.574724571965122 
0.809411909145282 
0.318765832187735 
0.059999388016493 
0.799340798906030 
0.879268775508691 
0.684835352523092 
0.815118870794850 
0.234046447380168 
0.695760977514213 
0.211249124376369 
