50 9.285714
30.000000 302.000000
39.285713 330.061249
48.571426 373.764221
57.857143 423.459167
67.142853 469.496338
76.428574 502.226013
85.714287 511.998444
95.000000 503.177368
104.285713 485.533447
113.571426 460.377838
122.857140 429.481750
132.142853 394.616302
141.428574 357.552704
150.714279 320.062073
160.000000 283.915588
169.285706 250.884460
178.571426 222.739853
187.857147 201.252884
197.142853 188.194733
206.428574 186.717758
215.714279 222.472916
225.000000 290.209717
234.285706 370.970825
243.571426 445.798859
252.857147 495.736511
262.142853 506.108765
271.428558 502.265259
280.714294 491.928589
290.000000 476.309540
299.285706 456.618896
308.571411 434.067383
317.857147 409.865814
327.142853 385.224945
336.428558 361.355560
345.714294 339.468414
355.000000 320.774292
364.285706 306.483978
373.571411 297.808197
382.857147 298.698029
392.142853 328.249298
401.428558 374.934723
410.714294 421.041077
420.000000 448.855103
429.285706 447.389526
438.571411 430.649506
447.857147 404.451324
457.142853 373.441132
466.428558 342.265076
475.714294 315.569336
485.000000 298.000000
